Car -1 -1 -1.57 924.22 549.43 995.79 597.32 1.36 2.08 4.57 0.00 1.67 35.98 -1.57
Car -1 -1 -1.57 864.82 533.17 1055.18 695.23 1.77 2.08 4.71 0.00 1.70 15.01 -1.57
Car -1 -1 -1.66 1050.71 539.07 1078.82 560.72 1.66 1.85 3.97 8.20 1.59 90.91 -1.57
Car -1 -1 -1.57 942.18 539.39 977.83 571.49 1.66 1.85 3.97 0.00 1.63 61.99 -1.57
Car -1 -1 -1.74 1132.90 544.25 1180.35 567.81 1.36 2.08 4.57 11.80 1.62 69.77 -1.57
Car -1 -1 -1.57 937.35 539.66 982.66 580.46 1.66 1.85 3.97 0.00 1.65 49.20 -1.57
Car -1 -1 -1.57 917.81 549.22 1002.20 614.78 1.44 1.89 4.05 0.00 1.68 28.02 -1.57
Car -1 -1 -1.57 709.05 522.75 1210.96 950.04 1.77 2.08 4.71 0.00 1.70 7.15 -1.57
Car -1 -1 -1.57 946.38 539.16 973.62 563.68 1.66 1.85 3.97 0.00 1.61 80.52 -1.57
Car -1 -1 -1.57 933.62 545.52 986.38 586.15 1.44 1.89 4.05 0.00 1.66 43.61 -1.57
Car -1 -1 -1.57 893.37 557.03 1026.63 648.11 1.36 2.08 4.57 0.00 1.69 20.38 -1.57
Car -1 -1 -1.99 1357.78 534.30 1623.10 661.42 1.77 2.08 4.71 8.20 1.69 18.49 -1.57
Car -1 -1 -1.57 946.64 537.66 973.36 560.40 1.77 2.08 4.71 0.00 1.59 92.56 -1.57
