Car -1 -1 -1.50 856.78 543.39 899.83 573.07 1.44 1.89 4.05 -4.10 1.62 58.65 -1.57
Car -1 -1 1.74 729.91 544.86 793.61 582.32 1.44 1.89 4.05 -8.00 1.65 47.06 1.57
Car -1 -1 1.69 805.07 539.08 844.05 567.96 1.66 1.85 3.97 -8.00 1.61 68.69 1.57
Car -1 -1 1.86 526.82 553.04 679.63 620.48 1.36 2.08 4.57 -8.00 1.68 26.46 1.57
Car -1 -1 -1.57 618.92 589.14 1301.08 1096.89 1.36 2.08 4.57 0.00 1.70 5.82 -1.57
Car -1 -1 -1.44 760.54 535.92 857.45 604.66 1.77 2.08 4.71 -4.10 1.67 32.20 -1.57
Car -1 -1 -1.57 896.66 556.22 1023.34 642.60 1.36 2.08 4.57 0.00 1.69 21.32 -1.57
Car -1 -1 1.68 816.07 539.01 851.85 565.84 1.66 1.85 3.97 -8.00 1.60 73.78 1.57
Car -1 -1 -1.57 943.90 542.51 976.11 567.14 1.44 1.89 4.05 0.00 1.60 70.13 -1.57
Car -1 -1 3.36 639.05 543.28 699.52 562.89 1.44 1.89 4.05 -21.65 1.69 86.35 3.12
Car -1 -1 -1.49 845.60 539.20 892.91 577.07 1.66 1.85 3.97 -4.10 1.63 52.84 -1.57
Car -1 -1 3.42 561.61 544.39 631.57 562.95 1.36 2.08 4.57 -27.03 1.69 86.23 3.12
Car -1 -1 3.29 736.39 540.32 793.36 562.84 1.66 1.85 3.97 -14.55 1.69 86.52 3.12
Car -1 -1 2.01 276.36 555.39 534.84 669.51 1.44 1.89 4.05 -8.00 1.69 17.18 1.57
Car -1 -1 -1.57 926.21 536.24 993.79 593.76 1.77 2.08 4.71 0.00 1.66 38.02 -1.57
