Car -1 -1 -0.40 1366.48 551.44 1490.66 589.84 1.44 1.89 4.05 18.16 1.89 44.99 -0.02
Car -1 -1 -1.57 811.00 529.76 1109.00 783.45 1.77 2.08 4.71 0.00 1.70 10.44 -1.57
Car -1 -1 -1.53 931.73 541.35 1009.86 611.36 1.66 1.85 3.97 0.34 1.70 29.62 -1.52
Car -1 -1 -1.53 905.43 554.84 1014.00 628.73 1.36 2.08 4.57 0.10 1.70 24.52 -1.52
Car -1 -1 -1.37 1045.31 545.24 1092.15 567.69 1.36 2.08 4.57 6.95 1.70 73.58 -1.27
Car -1 -1 -1.45 1025.77 544.36 1066.64 570.36 1.44 1.89 4.05 5.02 1.70 67.02 -1.38
Car -1 -1 -1.57 1164.76 546.51 1208.27 574.98 1.36 2.08 4.57 11.47 1.70 58.71 -1.38
Car -1 -1 2.66 1477.68 552.32 1609.49 585.40 1.36 2.08 4.57 24.81 1.89 49.35 3.13
Car -1 -1 -1.29 1320.96 544.02 1362.09 560.91 1.36 2.08 4.57 31.86 1.70 96.64 -0.97
Car -1 -1 -1.78 1212.76 537.14 1328.08 608.06 1.77 2.08 4.71 8.28 1.70 31.33 -1.52
Car -1 -1 -1.26 1103.91 539.04 1149.29 562.88 1.77 2.08 4.71 12.78 1.70 88.60 -1.11
Car -1 -1 -1.57 878.34 557.24 1041.66 686.56 1.44 1.89 4.05 0.00 1.70 15.46 -1.57
